Josh Widdicombe,1,55.7,45.6,29.4,52.7,0.0,12.2,30.4,42.6
Frank Skinner,0,42.6,35.5,22.3,47.6,6.1,43.6,60.8,22.3
Romesh Ranganathan,0,55.7,42.6,42.6,58.8,0.0,18.2,18.2,51.7
Tim Key,0,27.4,14.2,38.5,12.2,6.1,56.8,74.0,5.1
Roisin Conaty,0,1.0,6.1,18.2,3.0,0.0,0.0,1.0,16.2
Katherine Ryan,1,74.0,60.8,75.0,66.9,10.1,65.9,54.7,31.4
Jon Richardson,0,63.9,75.0,42.6,60.8,40.5,9.1,20.3,73.0
Richard Osman,0,48.6,66.9,59.8,62.8,40.5,9.1,5.1,54.7
Doc Brown,0,28.4,26.4,72.0,39.5,10.1,26.4,54.7,0.0
Joe Wilkinson,0,7.1,2.0,19.3,9.1,10.1,23.3,54.7,3.0
Rob Beckett,1,73.0,69.9,51.7,69.9,20.3,26.4,44.6,70.9
Dave Gorman,0,44.6,19.3,24.3,16.2,25.3,68.9,54.7,4.1
Al Murray,0,37.5,52.7,24.3,50.7,25.3,13.2,20.3,25.3
Sara Pascoe,0,18.2,16.2,6.1,22.3,20.3,20.3,20.3,17.2
Paul Chowdhry,0,4.1,8.1,6.1,31.4,25.3,7.1,13.2,7.1
Noel Fielding,1,70.9,15.2,5.1,36.5,3.0,75.0,66.9,46.6
Joe Lycett,0,52.7,29.4,39.5,28.4,3.0,52.7,30.4,51.7
Mel Giedroyc,0,25.3,46.6,57.8,53.7,64.9,24.3,7.1,7.1
Hugh Dennis,0,19.3,65.9,39.5,73.0,64.9,1.0,0.0,30.4
Lolly Adefope,0,26.4,20.3,14.2,18.2,3.0,15.2,75.0,32.4
Bob Mortimer,1,60.8,55.7,50.7,63.9,20.3,46.6,43.6,49.7
Mark Watson,0,36.5,43.6,67.9,48.6,25.3,26.4,25.3,43.6
Sally Phillips,0,37.5,18.2,33.4,15.2,20.3,64.9,66.9,28.4
Aisling Bea,0,29.4,24.3,57.8,20.3,20.3,46.6,51.7,33.4
Nish Kumar,0,3.0,4.1,33.4,11.1,25.3,8.1,4.1,6.1
Liza Tarbuck,1,58.8,51.7,15.2,64.9,47.6,51.7,26.4,37.5
Tim Vine,0,43.6,39.5,15.2,39.5,47.6,55.7,68.9,17.2
Russell Howard,0,37.5,57.8,30.4,46.6,33.4,17.2,30.4,25.3
Asim Chaudhry,0,20.3,49.7,24.3,27.4,47.6,4.1,8.1,37.5
Alice Levine,0,14.2,33.4,30.4,23.3,33.4,3.0,10.1,50.7
Kerry Godliman,1,53.7,68.9,64.9,57.8,50.7,14.2,52.7,69.9
Jessica Knappett,0,51.7,61.8,51.7,51.7,50.7,30.4,13.2,59.8
Rhod Gilbert,0,53.7,44.6,48.6,44.6,8.1,35.5,20.3,29.4
James Acaster,0,47.6,53.7,24.3,26.4,10.1,21.3,8.1,61.8
Phil Wang,0,5.1,1.0,6.1,1.0,8.1,21.3,30.4,1.0
Lou Sanders,1,62.8,48.6,42.6,65.9,10.1,36.5,30.4,23.3
Iain Stirling,0,45.6,21.3,1.0,28.4,10.1,54.7,39.5,12.2
Joe Thomas,0,21.3,23.3,2.0,24.3,38.5,31.4,20.3,56.8
Sian Gibson,0,12.2,11.1,0.0,6.1,38.5,31.4,44.6,23.3
Paul Sinha,0,11.1,3.0,6.1,4.1,16.2,36.5,52.7,10.1
Ed Gamble,1,67.9,67.9,19.3,70.9,46.6,44.6,44.6,68.9
Rose Matafeo,0,49.7,55.7,59.8,59.8,54.7,41.6,10.1,47.6
Katy Wix,0,41.6,28.4,48.6,25.3,54.7,62.8,54.7,44.6
Jo Brand,0,35.5,34.5,64.9,33.4,54.7,44.6,44.6,37.5
David Baddiel,0,6.1,0.0,6.1,0.0,40.5,40.5,63.9,2.0
Richard Herring,1,50.7,62.8,69.9,39.5,63.9,39.5,44.6,65.9
Daisy May Cooper,0,46.6,59.8,64.9,38.5,53.7,26.4,12.2,61.8
Mawaan Rizwan,0,34.5,31.4,42.6,20.3,40.5,57.8,72.0,17.2
Johnny Vegas,0,17.2,12.2,35.5,13.2,33.4,53.7,13.2,14.2
Katherine Parkinson,0,0.0,5.1,6.1,5.1,30.4,2.0,30.4,7.1
Sarah Kendall,1,72.0,58.8,59.8,53.7,17.2,50.7,30.4,53.7
Mike Wozniak,0,33.4,32.4,41.6,36.5,57.8,59.8,60.8,60.8
Lee Mack,0,32.4,40.5,54.7,34.5,57.8,42.6,39.5,55.7
Jamali Maddix,0,24.3,25.3,19.3,14.2,17.2,19.3,39.5,21.3
Charlotte Ritchie,0,8.1,7.1,6.1,9.1,17.2,11.1,26.4,11.1
Morgana Robinson,1,65.9,72.0,68.9,74.0,66.9,34.5,2.0,72.0
Guz Khan,0,69.9,47.6,72.0,60.8,57.8,73.0,44.6,58.8
Alan Davies,0,65.9,36.5,22.3,34.5,33.4,73.0,68.9,40.5
Desiree Burch,0,59.8,41.6,42.6,53.7,57.8,70.9,72.0,48.6
Victoria Coren Mitchell,0,2.0,9.1,6.1,6.1,33.4,6.1,2.0,12.2
Sophie Duker,1,64.9,73.0,62.8,72.0,69.9,48.6,39.5,57.8
Chris Ramsey,0,67.9,64.9,35.5,68.9,61.8,58.8,19.3,67.9
Bridget Christie,0,30.4,17.2,54.7,56.8,69.9,70.9,63.9,15.2
Ardal O'Hanlon,0,30.4,37.5,35.5,17.2,61.8,48.6,68.9,27.4
Judi Love,0,10.1,30.4,15.2,19.3,69.9,16.2,13.2,41.6
Dara Ó Briain,1,75.0,74.0,74.0,75.0,31.4,60.8,54.7,34.5
Sarah Millican,0,61.8,62.8,54.7,39.5,67.9,66.9,44.6,75.0
Munya Chawawa,0,15.2,50.7,51.7,48.6,67.9,5.1,5.1,64.9
Fern Brady,0,23.3,10.1,42.6,8.1,31.4,60.8,26.4,20.3
John Kearns,0,15.2,27.4,24.3,32.4,50.7,25.3,13.2,34.5
Mae Martin,1,57.8,70.9,62.8,66.9,73.0,69.9,30.4,74.0
Kiell Smith-Bynoe,0,22.3,38.5,30.4,39.5,73.0,67.9,60.8,66.9
Jenny Eclair,0,13.2,54.7,69.9,45.6,73.0,38.5,30.4,44.6
Frankie Boyle,0,37.5,22.3,3.0,30.4,40.5,63.9,65.9,61.8
Ivo Graham,0,9.1,13.2,3.0,2.0,40.5,33.4,26.4,36.5
